0 788.522  444.101  0.683166  790.419  667.183  0.33609  569.351  618.295  0.32207  0  0  0  0  0  0  1060.42  696.544  0.209324  0  0  0  0  0  0  0  0  0  0  0  0  0  0  0  0  0  0  0  0  0  0  0  0  741.472  391.327  0.747664  853.107  397.11  0.745662  673.063  406.947  0.629264  931.29  424.529  0.533264
1 999.759  449.99  0.790359  999.787  645.667  0.40146  823.693  563.472  0.363535  649.579  698.461  0.204853  0  0  0  1195.42  696.536  0.304453  0  0  0  0  0  0  0  0  0  0  0  0  0  0  0  0  0  0  0  0  0  0  0  0  964.579  406.98  0.789588  1066.29  416.729  0.766722  915.738  426.497  0.653267  1146.49  467.639  0.668903
2 1017.38  489.165  0.770509  1005.65  647.606  0.393978  823.686  569.373  0.335441  663.303  700.44  0.23648  0  0  0  1197.39  698.538  0.329327  0  0  0  0  0  0  0  0  0  0  0  0  0  0  0  0  0  0  0  0  0  0  0  0  978.344  430.417  0.885109  1085.91  446.167  0.754454  913.753  453.939  0.610086  1142.59  489.107  0.605518
3 1015.47  491.137  0.802229  997.817  651.511  0.41873  821.713  571.332  0.371494  657.374  714.141  0.29922  0  0  0  1191.52  696.465  0.365174  0  0  0  0  0  0  0  0  0  0  0  0  0  0  0  0  0  0  0  0  0  0  0  0  980.204  432.423  0.837534  1081.98  451.945  0.743729  913.739  448.025  0.635366  1140.66  491.038  0.551926
4 1015.45  493.012  0.751923  995.859  649.568  0.430748  821.751  571.314  0.343537  651.538  714.145  0.256216  0  0  0  1189.56  698.519  0.29107  0  0  0  0  0  0  0  0  0  0  0  0  0  0  0  0  0  0  0  0  0  0  0  0  976.355  432.448  0.836248  1080  451.93  0.742853  913.714  446.157  0.5438  1134.76  493.071  0.52528
5 927.353  461.69  0.745069  976.275  647.61  0.34999  815.873  555.695  0.370786  647.581  714.134  0.268751  0  0  0  1173.9  700.448  0.243856  0  0  0  0  0  0  0  0  0  0  0  0  0  0  0  0  0  0  0  0  0  0  0  0  931.256  412.844  0.788511  1007.54  440.244  0.731391  0  0  0  1132.81  518.48  0.461526
6 944.955  471.548  0.785428  986.103  663.23  0.318903  819.745  563.478  0.354055  657.372  696.553  0.258553  0  0  0  1177.82  714.147  0.160315  0  0  0  0  0  0  0  0  0  0  0  0  0  0  0  0  0  0  0  0  0  0  0  0  945.035  420.634  0.825939  1017.37  453.878  0.723342  0  0  0  1138.68  534.112  0.434036
7 950.839  473.429  0.792901  980.216  659.335  0.29382  821.768  565.439  0.340307  663.248  696.573  0.228676  0  0  0  1181.74  714.153  0.194683  0  0  0  0  0  0  0  0  0  0  0  0  0  0  0  0  0  0  0  0  0  0  0  0  948.978  422.626  0.836304  1023.24  453.925  0.737118  0  0  0  1146.5  532.173  0.471264
8 944.905  477.318  0.807983  988.061  663.238  0.363819  821.767  559.598  0.382675  643.682  714.147  0.159878  0  0  0  1177.83  714.147  0.212238  0  0  0  0  0  0  0  0  0  0  0  0  0  0  0  0  0  0  0  0  0  0  0  0  946.995  428.374  0.865947  1013.51  459.781  0.66978  0  0  0  1128.93  526.337  0.387863
9 943.056  477.355  0.728628  993.949  665.227  0.3127  821.753  567.39  0.341105  671.08  684.769  0.246552  0  0  0  1187.62  714.148  0.231489  0  0  0  0  0  0  0  0  0  0  0  0  0  0  0  0  0  0  0  0  0  0  0  0  943.04  426.5  0.817887  1013.49  457.785  0.731592  0  0  0  1132.78  524.386  0.394889
10 1042.81  512.595  0.716774  1007.59  661.299  0.41121  829.578  571.28  0.363652  651.559  714.141  0.276112  0  0  0  1121.08  714.141  0.0505383  0  0  0  0  0  0  0  0  0  0  0  0  0  0  0  0  0  0  0  0  0  0  0  0  1007.54  446.095  0.842053  1117.2  477.457  0.694141  943.044  442.13  0.608261  1173.91  522.347  0.566016
11 1054.62  516.551  0.778192  1007.63  665.218  0.412625  827.61  571.345  0.339604  647.575  714.16  0.236698  0  0  0  1201.32  714.138  0.302662  0  0  0  0  0  0  0  0  0  0  0  0  0  0  0  0  0  0  0  0  0  0  0  0  1019.33  448.008  0.812239  1124.99  477.472  0.716559  944.952  446.026  0.786416  1173.9  524.395  0.424435
12 1044.79  518.465  0.767589  1007.62  663.264  0.361024  833.475  573.258  0.347492  643.702  714.161  0.208286  0  0  0  1201.29  714.138  0.267367  0  0  0  0  0  0  0  0  0  0  0  0  0  0  0  0  0  0  0  0  0  0  0  0  1013.46  448.019  0.817931  1121.1  477.333  0.67127  941.042  444.179  0.704363  1173.9  520.463  0.513394
13 1044.8  514.556  0.775933  1009.56  663.255  0.430499  829.563  573.27  0.340888  637.835  714.145  0.255825  0  0  0  1199.33  698.518  0.335775  0  0  0  0  0  0  0  0  0  0  0  0  0  0  0  0  0  0  0  0  0  0  0  0  1007.64  448.019  0.871359  1117.19  475.424  0.735965  939.157  446.153  0.628827  1166.13  520.455  0.554846
14 1040.94  512.614  0.766319  1007.58  659.355  0.425478  835.471  573.251  0.366408  647.629  714.142  0.162839  0  0  0  1199.34  714.135  0.256215  0  0  0  0  0  0  0  0  0  0  0  0  0  0  0  0  0  0  0  0  0  0  0  0  1007.61  446.133  0.841931  1117.18  475.485  0.666649  944.906  455.824  0.686321  1166.16  518.488  0.541323
15 1040.8  514.556  0.76092  1013.48  663.299  0.347214  835.401  577.163  0.317513  635.861  714.156  0.216042  0  0  0  1203.24  698.482  0.324088  0  0  0  0  0  0  0  0  0  0  0  0  0  0  0  0  0  0  0  0  0  0  0  0  1005.65  448.017  0.852322  1113.24  475.514  0.750317  941.105  451.966  0.537824  1170  520.386  0.585559
16 1007.65  498.902  0.619727  1009.55  665.193  0.363788  833.488  573.257  0.310812  645.64  714.162  0.172502  0  0  0  1197.41  714.138  0.259511  0  0  0  0  0  0  0  0  0  0  0  0  0  0  0  0  0  0  0  0  0  0  0  0  982.181  440.24  0.662497  1072.19  477.354  0.551846  943.055  430.473  0.232362  1162.13  514.583  0.568479
17 960.684  479.415  0.784075  1007.59  671.073  0.359449  835.43  571.278  0.310731  647.603  714.158  0.193692  0  0  0  1195.45  714.151  0.21316  0  0  0  0  0  0  0  0  0  0  0  0  0  0  0  0  0  0  0  0  0  0  0  0  954.759  432.432  0.794876  1033.02  461.671  0.740074  0  0  0  1146.51  526.333  0.491939
18 960.641  479.372  0.833015  1005.62  665.223  0.381885  833.448  571.278  0.339102  647.591  714.15  0.216736  0  0  0  1185.67  700.44  0.26248  0  0  0  0  0  0  0  0  0  0  0  0  0  0  0  0  0  0  0  0  0  0  0  0  952.806  430.509  0.806257  1035.01  459.715  0.749832  0  0  0  1134.83  522.387  0.389165
19 978.349  493.144  0.825766  1007.59  665.24  0.374864  833.485  569.35  0.317395  641.74  714.156  0.227695  0  0  0  1197.41  714.132  0.24258  0  0  0  0  0  0  0  0  0  0  0  0  0  0  0  0  0  0  0  0  0  0  0  0  964.619  434.335  0.835733  1064.32  461.809  0.698972  927.416  436.3  0.170832  1156.32  510.673  0.467553
20 939.138  450.02  0.755333  993.929  669.139  0.32182  808.042  585.016  0.327545  647.646  714.182  0.17536  0  0  0  1203.26  714.15  0.215817  0  0  0  0  0  0  0  0  0  0  0  0  0  0  0  0  0  0  0  0  0  0  0  0  933.307  408.855  0.756504  1009.63  424.581  0.72871  0  0  0  1148.53  506.671  0.615461
21 950.865  469.571  0.741069  986.1  671.098  0.359076  804.107  586.935  0.332714  647.635  714.186  0.104229  0  0  0  1189.57  714.156  0.223548  0  0  0  0  0  0  0  0  0  0  0  0  0  0  0  0  0  0  0  0  0  0  0  0  950.874  414.732  0.825949  1029.14  444.191  0.73678  0  0  0  1150.41  520.423  0.385254
22 950.883  461.675  0.696585  978.303  667.199  0.357456  802.161  588.909  0.336044  633.907  714.186  0.142987  0  0  0  1183.7  714.158  0.137876  0  0  0  0  0  0  0  0  0  0  0  0  0  0  0  0  0  0  0  0  0  0  0  0  945.041  412.869  0.808088  1017.41  444.154  0.701727  894.149  459.787  0.09248  1117.17  494.995  0.261366
23 978.337  477.427  0.756275  962.615  649.63  0.398712  792.383  575.202  0.393274  592.827  714.169  0.106958  0  0  0  1162.18  714.133  0.202876  0  0  0  0  0  0  0  0  0  0  0  0  0  0  0  0  0  0  0  0  0  0  0  0  948.934  424.587  0.657555  1050.67  455.874  0.564781  900.015  430.456  0.53349  1134.82  485.21  0.41196
24 988.063  481.346  0.745148  986.062  663.227  0.359056  802.178  573.239  0.355391  586.979  714.168  0.128359  0  0  0  1179.8  714.15  0.194818  0  0  0  0  0  0  0  0  0  0  0  0  0  0  0  0  0  0  0  0  0  0  0  0  946.972  428.452  0.77954  1056.59  446.043  0.72903  897.968  438.263  0.537807  1134.79  491.064  0.481091
25 929.371  448.048  0.613226  974.347  665.231  0.365729  806.081  569.344  0.369028  586.982  714.172  0.170036  0  0  0  1173.92  714.155  0.200395  0  0  0  0  0  0  0  0  0  0  0  0  0  0  0  0  0  0  0  0  0  0  0  0  917.581  399.193  0.689587  1001.73  428.397  0.654093  0  0  0  1126.95  491.112  0.591687
26 991.932  473.427  0.745275  980.222  657.395  0.369678  804.099  573.244  0.345631  586.953  714.161  0.181017  0  0  0  1173.91  714.143  0.188239  0  0  0  0  0  0  0  0  0  0  0  0  0  0  0  0  0  0  0  0  0  0  0  0  958.636  416.804  0.767072  1056.52  444.193  0.640161  899.95  414.83  0.544254  1136.72  489.134  0.521013
27 899.996  442.103  0.790976  966.513  653.503  0.377386  804.141  571.35  0.371603  584.996  714.171  0.161836  0  0  0  1166.07  714.151  0.237499  0  0  0  0  0  0  0  0  0  0  0  0  0  0  0  0  0  0  0  0  0  0  0  0  900.058  397.111  0.779673  976.359  414.781  0.828904  0  0  0  1113.27  498.948  0.570669
28 911.716  442.199  0.742869  978.255  667.161  0.372323  804.119  571.317  0.365628  585.006  714.174  0.172388  0  0  0  1171.96  714.149  0.263258  0  0  0  0  0  0  0  0  0  0  0  0  0  0  0  0  0  0  0  0  0  0  0  0  907.836  397.241  0.757712  980.255  414.741  0.771716  0  0  0  1111.32  495.021  0.428013
29 915.641  446.171  0.790758  980.201  665.244  0.40358  802.192  573.275  0.363018  592.849  714.169  0.181388  0  0  0  1173.91  714.147  0.252188  0  0  0  0  0  0  0  0  0  0  0  0  0  0  0  0  0  0  0  0  0  0  0  0  913.722  397.239  0.921811  991.947  418.681  0.791469  0  0  0  1105.47  481.298  0.376238
30 921.533  444.1  0.77984  982.196  669.121  0.353203  806.088  571.341  0.347132  584.998  714.172  0.12454  0  0  0  1173.93  714.15  0.23043  0  0  0  0  0  0  0  0  0  0  0  0  0  0  0  0  0  0  0  0  0  0  0  0  915.732  399.08  0.785275  993.945  420.63  0.728477  0  0  0  1132.79  493.055  0.612689
31 925.427  446.054  0.7805  976.333  665.19  0.390963  809.984  571.306  0.355216  592.824  714.171  0.190424  0  0  0  1154.36  714.145  0.250398  0  0  0  0  0  0  0  0  0  0  0  0  0  0  0  0  0  0  0  0  0  0  0  0  917.626  401.074  0.824807  1003.7  420.621  0.711866  0  0  0  1119.16  493.036  0.424134
32 1003.68  477.447  0.74578  982.196  667.173  0.38406  808.037  583.039  0.319197  600.659  714.166  0.0971448  0  0  0  1195.43  714.148  0.246547  0  0  0  0  0  0  0  0  0  0  0  0  0  0  0  0  0  0  0  0  0  0  0  0  960.715  420.647  0.811721  1074.1  442.134  0.720868  900.058  444.084  0.561978  1136.76  477.452  0.545881
33 1009.5  491.079  0.796477  991.947  667.197  0.414226  806.057  585.007  0.32177  586.926  714.174  0.0825816  0  0  0  1191.53  714.151  0.228089  0  0  0  0  0  0  0  0  0  0  0  0  0  0  0  0  0  0  0  0  0  0  0  0  966.555  430.534  0.793114  1074.16  446.101  0.757642  901.95  451.988  0.654733  1134.75  485.239  0.549027
34 1017.4  491.066  0.77561  991.983  663.225  0.383612  804.105  579.117  0.344792  588.919  714.181  0.0925123  0  0  0  1107.4  714.14  0.0526002  0  0  0  0  0  0  0  0  0  0  0  0  0  0  0  0  0  0  0  0  0  0  0  0  976.216  430.432  0.846068  1078.08  444.16  0.758542  903.911  449.974  0.645334  1136.79  475.415  0.629285
35 1017.38  491.087  0.766326  988.024  665.242  0.408423  804.156  583.02  0.33673  581.08  714.181  0.0844294  0  0  0  1195.42  714.143  0.282107  0  0  0  0  0  0  0  0  0  0  0  0  0  0  0  0  0  0  0  0  0  0  0  0  974.381  430.362  0.856136  1080.01  446.02  0.767312  902.005  446.066  0.65404  1136.79  487.184  0.605271
36 1011.58  491.089  0.778535  991.987  665.183  0.447719  806.068  579.151  0.311998  600.655  714.164  0.0809034  0  0  0  1181.77  714.137  0.313866  0  0  0  0  0  0  0  0  0  0  0  0  0  0  0  0  0  0  0  0  0  0  0  0  974.378  430.497  0.844384  1076.13  446.053  0.787451  903.915  448.039  0.697153  1136.78  491.093  0.58631
37 927.319  461.782  0.79726  988.053  665.266  0.395508  813.912  581.096  0.30489  586.962  714.184  0.0856469  0  0  0  1175.86  714.143  0.297342  0  0  0  0  0  0  0  0  0  0  0  0  0  0  0  0  0  0  0  0  0  0  0  0  909.748  414.848  0.799812  991.956  430.354  0.775117  0  0  0  1101.5  477.381  0.394694
38 909.797  455.88  0.773569  980.198  665.246  0.388142  802.162  573.298  0.318565  590.883  714.17  0.101736  0  0  0  1168.06  714.147  0.249839  0  0  0  0  0  0  0  0  0  0  0  0  0  0  0  0  0  0  0  0  0  0  0  0  900.017  410.825  0.829878  976.237  422.625  0.806641  0  0  0  1115.2  487.155  0.5026
39 902.006  446.043  0.820999  978.24  663.237  0.411132  806.116  575.23  0.34344  604.557  714.168  0.115218  0  0  0  1168.06  714.148  0.258625  0  0  0  0  0  0  0  0  0  0  0  0  0  0  0  0  0  0  0  0  0  0  0  0  905.862  399.185  0.757794  978.196  414.751  0.817147  0  0  0  1119.09  491.053  0.504129
40 913.68  446.151  0.811236  980.209  665.19  0.40678  806.069  573.296  0.355354  573.296  714.175  0.0901489  0  0  0  1171.95  714.154  0.253329  0  0  0  0  0  0  0  0  0  0  0  0  0  0  0  0  0  0  0  0  0  0  0  0  913.728  401.131  0.787081  988.043  426.47  0.74589  0  0  0  1119.08  496.986  0.557641
41 911.68  451.931  0.760221  980.204  663.281  0.381821  806.119  573.295  0.335821  585.001  714.172  0.0725128  0  0  0  1179.76  714.15  0.212133  0  0  0  0  0  0  0  0  0  0  0  0  0  0  0  0  0  0  0  0  0  0  0  0  913.631  401.124  0.823451  986.094  420.672  0.708864  0  0  0  1123.04  493.061  0.521661
42 943.059  444.063  0.684513  972.368  663.225  0.333844  792.415  573.305  0.28454  581.083  714.162  0.0857777  0  0  0  1170.01  714.147  0.224112  0  0  0  0  0  0  0  0  0  0  0  0  0  0  0  0  0  0  0  0  0  0  0  0  923.496  397.119  0.783796  995.853  420.643  0.674583  0  0  0  1109.36  473.493  0.388137
43 878.489  475.395  0.266252  860.875  680.837  0.267242  618.27  659.353  0.157659  0  0  0  0  0  0  1064.36  698.504  0.169735  0  0  0  0  0  0  0  0  0  0  0  0  0  0  0  0  0  0  0  0  0  0  0  0  839.332  430.485  0.393074  901.991  440.18  0.203023  788.503  448.039  0.426369  1023.22  477.397  0.131215
44 0  0  0  759.126  223  0.441807  678.937  213.249  0.34442  606.507  279.756  0.33469  608.493  379.549  0.161981  835.449  213.28  0.542834  884.288  287.559  0.418403  884.442  359.983  0.298209  0  0  0  0  0  0  0  0  0  819.744  340.448  0.0697394  0  0  0  0  0  0  0  0  0  0  0  0  0  0  0  804.06  209.382  0.0594756
45 819.82  479.326  0.591833  792.376  678.932  0.297079  553.716  659.338  0.297784  0  0  0  0  0  0  1023.25  676.962  0.207578  0  0  0  0  0  0  0  0  0  0  0  0  0  0  0  0  0  0  0  0  0  0  0  0  743.548  428.422  0.557352  868.675  408.932  0.599846  661.317  446.087  0.593718  929.4  457.836  0.0891211
46 827.599  479.332  0.608642  804.136  678.894  0.256579  555.651  649.584  0.299263  0  0  0  0  0  0  1048.69  688.695  0.2096  0  0  0  0  0  0  0  0  0  0  0  0  0  0  0  0  0  0  0  0  0  0  0  0  753.264  414.827  0.681327  0  0  0  663.206  444.177  0.620585  946.9  448.047  0.0707476
47 813.924  475.455  0.631622  788.464  682.811  0.238548  551.755  649.574  0.274425  0  0  0  0  0  0  1042.82  678.908  0.273961  0  0  0  0  0  0  0  0  0  0  0  0  0  0  0  0  0  0  0  0  0  0  0  0  739.52  412.878  0.679871  878.502  410.841  0.64293  657.362  440.21  0.540005  943.06  432.418  0.318431
48 817.831  477.343  0.644084  790.454  678.913  0.271698  555.668  643.71  0.293121  0  0  0  0  0  0  1033.03  667.186  0.263202  0  0  0  0  0  0  0  0  0  0  0  0  0  0  0  0  0  0  0  0  0  0  0  0  743.48  422.626  0.582507  878.476  410.832  0.600739  663.216  444.09  0.607587  937.188  428.493  0.282033
49 817.781  477.473  0.747339  798.243  676.972  0.265697  557.621  645.664  0.280552  0  0  0  0  0  0  1038.9  674.997  0.286788  0  0  0  0  0  0  0  0  0  0  0  0  0  0  0  0  0  0  0  0  0  0  0  0  745.451  416.715  0.734174  876.542  416.724  0.69039  661.302  446.029  0.582629  941.06  457.799  0.303904
50 821.771  479.356  0.717348  790.445  678.929  0.279312  553.711  647.624  0.256128  0  0  0  0  0  0  1027.2  676.957  0.245032  0  0  0  0  0  0  0  0  0  0  0  0  0  0  0  0  0  0  0  0  0  0  0  0  749.327  414.835  0.724506  872.618  416.746  0.622199  663.186  444.097  0.653059  935.208  442.172  0.175701
